0,0,0,0,0,0,0,0,-3,0,0,0,0,-10,0,0,0,0,0,0,0,0,0,0,8,0,0,0,0,0,-7,0,0,0,0,0,0,0,0,0,0,0,0,0,0,0,0,0,0,0,0,0,0,0,0,0,0,0,0,0,0,0,0,0,0,0,0,28,0,-3,18,0,0,0,0,0,0,0,0,0,0,0,0,0,0,0,0,0,0,0,0,-4,0,0,0,0,0,0,0,0,0,0,0,0,0,0,0,0,0,0,0,0,0,6,0,0,0,0,-10,0,0,0,0,0,0,0,0,0,-8
0,0,0,0,0,0,0,0,0,0,0,0,0,0,0,-15,-18,0,7,0,0,0,0,0,0,0,0,0,-20,0,0,0,0,0,0,0,0,0,0,0,0,0,0,-13,0,0,1,0,0,0,0,0,0,0,0,0,0,0,0,-24,0,0,0,0,0,0,0,0,0,0,0,0,0,0,-10,5,0,-21,0,0,0,0,0,0,0,0,0,0,0,0,0,0,0,0,-25,0,0,0,0,0,0,0,0,0,0,0,0,0,0,0,0,0,0,0,0,0,0,0,0,0,0,0,0,0,0,0,0,0,0
0,0,0,0,0,0,34,50,0,31,0,0,0,0,0,0,0,0,0,0,0,-28,0,0,0,0,0,0,0,0,0,0,0,0,7,0,0,0,0,0,0,0,0,0,0,0,0,0,29,0,0,42,0,0,37,0,0,0,0,0,0,0,0,0,24,29,0,0,0,0,0,0,0,0,0,0,0,0,0,11,0,0,55,0,0,0,0,0,0,0,0,0,0,0,0,0,0,0,0,0,37,0,22,0,0,0,0,0,0,0,0,0,0,0,0,0,0,0,0,0,0,0,0,0,0,0,0,0,0
0,0,0,0,0,0,0,26,0,0,0,0,0,0,0,0,0,0,0,36,0,0,16,0,0,0,0,0,0,0,0,0,0,0,0,-20,28,0,0,0,0,0,0,0,0,0,0,0,0,0,0,21,0,0,0,0,0,0,0,0,0,0,32,0,0,0,0,0,0,0,0,0,0,0,0,0,0,0,0,0,0,0,0,0,0,-7,0,0,0,0,0,0,0,45,0,0,0,0,0,0,0,0,0,31,0,0,11,0,0,0,0,0,0,0,0,0,0,0,0,0,0,0,0,0,0,0,0,0,0
0,0,0,0,0,-1,0,0,0,0,-5,0,0,0,0,0,0,7,0,0,0,0,0,8,0,0,0,0,0,0,0,0,0,0,0,0,0,0,0,-27,0,0,0,0,0,0,0,0,0,0,0,0,0,0,0,0,0,0,0,0,0,0,0,0,0,0,0,0,0,0,0,0,0,0,0,0,0,0,0,0,0,0,0,29,21,0,0,0,0,0,0,0,0,0,0,0,0,0,0,0,0,0,0,0,0,0,0,0,0,0,0,-1,0,0,-4,0,0,-32,0,0,0,0,0,0,-41,0,0,0,0
0,0,0,0,1,0,0,0,0,0,0,0,0,0,0,0,0,0,0,0,0,0,0,-7,0,0,0,0,0,0,0,0,0,-11,0,0,0,0,0,0,0,0,0,0,0,0,0,0,0,0,0,0,0,0,0,0,0,0,0,0,0,3,0,0,0,0,0,0,0,0,0,0,0,0,0,0,0,0,0,0,0,0,0,-2,28,0,0,0,0,0,0,-7,0,0,0,0,-7,0,0,0,0,0,0,0,0,0,0,0,0,0,0,3,0,0,3,42,0,18,0,0,0,0,0,-7,0,0,0,0,0
0,0,-34,0,0,0,0,0,0,-31,0,0,0,0,0,0,0,0,0,0,0,0,0,0,-7,0,0,0,0,0,0,0,0,0,0,0,0,0,0,0,0,0,0,0,0,0,0,0,-7,0,0,0,0,0,0,0,0,0,0,0,0,0,0,0,-46,-38,0,0,0,0,0,0,0,-27,0,0,0,0,0,0,0,0,-4,0,0,0,0,0,0,0,0,0,0,0,0,0,0,0,0,0,0,0,-7,0,0,0,0,0,23,0,0,0,0,0,0,0,0,0,0,-14,0,0,0,0,0,0,0,0,0
0,0,-50,-26,0,0,0,0,0,0,0,0,0,0,0,0,0,0,0,0,0,0,28,0,0,0,0,0,0,0,0,0,0,0,0,-7,16,0,0,0,0,0,0,0,0,0,0,0,0,0,0,-4,14,0,0,0,0,0,0,0,0,0,0,0,0,0,0,0,0,-3,0,0,0,0,0,0,0,0,0,0,0,0,0,0,0,0,0,0,0,0,0,0,0,24,0,0,0,0,0,0,0,0,0,26,0,0,0,0,9,0,0,0,0,7,0,0,0,0,0,0,0,0,0,0,0,0,0,0,0
3,0,0,0,0,0,0,0,0,0,0,0,0,0,0,0,29,0,0,0,0,0,0,0,0,0,-20,0,15,0,0,0,0,0,0,0,0,0,7,56,0,0,0,0,0,0,0,0,0,18,24,0,0,0,0,0,0,0,0,1,0,0,0,0,0,0,0,7,0,0,0,0,0,0,0,0,0,0,0,-7,0,0,0,0,0,0,0,0,0,0,0,0,49,0,0,0,0,0,0,0,0,0,0,0,0,0,0,0,0,0,0,0,0,0,0,0,0,0,0,0,0,0,0,0,0,0,0,0,0
0,0,-31,0,0,0,31,0,0,0,0,0,0,0,0,0,0,0,0,0,0,0,0,0,0,0,0,0,0,0,0,0,0,0,-17,0,0,0,0,0,0,0,0,0,0,0,0,0,-1,0,53,0,0,0,0,0,0,0,0,0,0,0,0,0,-14,0,0,0,0,0,0,0,0,0,0,0,0,0,0,0,0,0,15,0,0,0,0,49,0,0,0,0,0,0,0,0,0,0,0,0,-6,0,4,0,0,0,0,0,0,0,0,0,0,0,0,0,0,0,0,0,0,0,0,5,0,0,0,0,0
0,0,0,0,5,0,0,0,0,0,0,0,0,-5,0,0,0,-3,0,0,0,0,0,0,0,0,0,0,0,0,0,0,0,0,0,0,0,0,26,0,0,0,0,0,0,0,0,0,0,0,0,0,0,0,0,0,0,0,0,0,0,0,0,0,0,0,0,0,0,0,0,35,0,0,-1,0,0,0,0,0,0,0,0,0,0,0,0,0,0,0,0,0,0,0,0,0,0,0,0,0,0,0,0,0,0,0,0,0,0,0,0,0,19,0,0,0,0,-8,-25,0,0,0,0,-28,0,0,31,3,0
0,0,0,0,0,0,0,0,0,0,0,0,0,0,0,0,0,0,1,0,0,0,0,0,0,0,0,0,-22,0,0,0,0,0,0,0,0,0,0,0,0,-28,0,0,0,0,28,0,0,0,0,0,0,0,0,0,0,0,0,-21,0,0,0,0,0,0,0,0,0,0,0,0,0,0,-8,0,-8,-38,0,0,0,0,0,0,0,0,0,0,0,0,0,0,0,0,0,0,0,0,0,0,0,0,0,0,0,-32,0,0,0,0,0,0,0,0,0,0,0,0,0,0,0,0,0,0,0,0,1,0,0
0,0,0,0,0,0,0,0,0,0,0,0,0,0,0,0,0,0,0,0,0,0,0,0,0,0,-13,0,0,0,0,0,0,0,0,0,0,0,0,0,0,0,0,-14,19,3,0,0,0,0,0,0,0,0,0,0,0,0,0,0,0,0,0,0,0,0,0,0,0,0,0,0,0,0,0,0,0,0,0,-33,4,0,0,0,0,0,0,0,0,0,0,0,0,0,0,0,0,0,-7,0,0,-6,0,0,11,0,0,0,0,0,0,0,0,0,0,17,0,0,0,7,0,0,0,0,0,-44,0,0,0
10,0,0,0,0,0,0,0,0,0,5,0,0,0,0,0,0,0,0,0,0,0,0,0,28,55,0,0,0,0,0,0,0,4,0,0,0,0,0,0,0,0,0,0,0,0,0,0,0,0,0,0,0,0,0,0,0,0,0,0,0,0,0,0,0,0,0,0,0,4,31,0,0,0,0,0,0,0,0,0,-23,0,0,0,0,0,0,0,0,0,0,-6,0,0,0,0,0,0,0,0,0,0,0,0,0,0,36,0,0,0,0,0,0,0,0,0,0,0,9,0,0,0,0,0,0,0,0,0,20
0,0,0,0,0,0,0,0,0,0,0,0,0,0,0,0,0,0,0,0,0,-20,0,0,0,0,0,0,0,0,0,0,-1,0,0,0,0,0,0,0,0,0,0,0,0,0,0,0,0,0,0,0,0,0,18,0,0,0,13,0,0,0,0,0,0,0,-5,0,0,0,0,0,0,0,0,0,0,0,0,0,0,0,0,0,0,0,0,-17,0,0,0,0,0,0,0,0,0,-21,0,10,0,0,0,0,0,0,0,0,0,0,0,0,34,0,0,0,0,0,0,0,0,10,7,0,0,0,0,0,0
0,15,0,0,0,0,0,0,0,0,0,0,0,0,0,0,-30,0,11,0,0,0,0,0,0,0,0,0,0,0,0,0,0,0,0,0,0,-46,0,0,0,0,0,0,0,0,-7,0,0,0,0,0,0,0,0,0,-31,0,0,-15,0,0,0,0,0,0,0,0,0,0,0,0,0,0,0,0,0,-35,0,0,0,0,0,-34,0,0,0,0,0,0,0,0,0,0,0,0,0,0,0,0,0,0,0,0,0,-16,0,0,0,0,0,0,0,0,0,0,0,0,0,0,0,0,0,0,0,0,-7,0,0
0,18,0,0,0,0,0,0,-29,0,0,0,0,0,0,30,0,0,10,0,0,0,0,0,0,0,0,0,7,0,0,0,0,0,0,0,0,0,0,0,0,0,0,0,0,0,34,0,0,0,0,0,0,0,0,0,0,0,0,9,0,0,0,0,0,0,0,0,0,0,0,0,0,0,-1,0,0,-35,0,0,0,0,0,0,0,0,0,0,0,29,0,0,0,0,0,0,0,0,0,7,0,0,0,0,0,14,-10,0,0,0,0,0,0,0,0,0,0,0,0,0,0,0,0,0,0,0,0,0,0
0,0,0,0,-7,0,0,0,0,0,3,0,0,0,0,0,0,0,0,0,0,0,0,12,0,0,0,0,0,0,0,0,0,0,0,0,0,0,0,0,0,0,0,0,0,0,0,0,0,0,0,0,0,0,0,0,0,0,0,0,0,0,0,0,0,0,0,0,0,0,0,0,7,0,0,0,0,0,0,0,0,0,0,-18,42,0,0,0,0,0,0,0,0,0,0,0,-10,0,-3,0,0,0,0,0,0,0,0,0,0,0,0,-23,0,0,1,0,0,0,0,0,0,0,0,2,-6,0,0,0,0
0,-7,0,0,0,0,0,0,0,0,0,-1,0,0,0,-11,-10,0,0,0,0,0,0,0,0,0,0,0,-10,0,0,0,0,0,0,0,0,0,0,0,0,0,0,0,-24,0,0,-15,0,0,0,0,0,0,0,0,0,0,0,0,0,-11,0,0,0,0,0,0,0,0,0,0,0,0,-8,0,0,0,0,0,0,0,0,0,0,0,0,0,0,0,0,0,0,0,0,0,0,0,0,0,0,0,0,0,0,-38,0,0,0,0,0,0,0,0,0,0,0,0,0,0,0,0,0,0,0,0,-25,0,0
0,0,0,-36,0,0,0,0,0,0,0,0,0,0,0,0,0,0,0,0,0,0,0,0,0,0,0,0,0,0,3,-7,0,0,0,0,0,0,0,0,0,0,0,0,0,0,0,0,0,0,0,0,0,0,0,-17,0,0,0,0,0,0,-8,0,0,0,0,0,0,0,0,0,0,0,0,0,0,0,0,0,0,3,0,0,0,0,0,0,0,0,0,0,0,0,0,0,0,0,0,0,-11,0,0,0,0,0,0,0,0,-21,0,0,-18,0,0,0,0,0,0,0,0,0,0,0,0,0,0,0,0
0,0,0,0,0,0,0,0,0,0,0,0,0,0,0,0,0,0,0,0,0,0,0,0,0,42,0,50,0,0,0,0,0,0,0,0,0,0,0,0,0,0,0,0,0,0,0,0,0,0,0,0,0,0,0,0,0,0,0,21,0,0,0,0,0,0,0,42,0,0,0,0,0,0,0,0,0,4,0,0,0,0,0,0,0,0,0,0,0,0,6,0,0,0,0,12,0,0,0,-7,0,0,0,0,0,0,0,16,0,0,-25,9,0,0,0,0,0,0,0,0,0,4,0,0,0,0,0,0,0
0,0,28,0,0,0,0,0,0,0,0,0,0,0,20,0,0,0,0,0,0,0,0,0,0,0,29,0,0,0,0,0,49,0,0,31,0,28,0,0,0,0,0,0,0,0,0,0,0,0,0,0,0,0,61,0,0,0,0,0,0,0,0,0,0,0,34,0,0,0,0,0,0,0,0,0,27,0,0,0,0,0,0,0,0,0,32,0,0,0,0,0,0,0,21,0,0,4,0,0,0,0,2,0,0,0,0,0,0,0,0,0,0,0,0,0,0,0,0,0,0,0,60,0,0,0,0,0,0
0,0,0,-16,0,0,0,-28,0,0,0,0,0,0,0,0,0,0,0,0,0,0,0,0,0,0,0,0,0,0,0,0,0,0,0,-24,3,0,0,0,0,0,0,0,0,0,0,0,0,0,0,2,-25,0,0,0,0,0,0,0,0,0,0,0,0,0,0,0,0,0,0,0,0,0,0,0,0,0,0,0,0,0,0,0,0,0,0,0,0,0,0,0,0,-3,-34,0,0,0,0,0,0,0,0,0,0,0,-24,0,0,23,0,0,11,0,0,0,0,0,0,0,0,0,0,0,0,0,0,0,0
0,0,0,0,-8,7,0,0,0,0,0,0,0,0,0,0,0,-12,0,0,0,0,0,0,32,0,0,0,0,0,0,0,0,0,0,0,0,0,0,0,0,0,0,0,0,0,0,0,0,0,0,0,0,0,0,0,0,0,0,0,0,0,0,0,0,0,0,0,5,0,0,0,0,0,0,0,0,0,0,0,0,0,0,0,-7,0,0,0,0,0,0,0,0,0,0,0,0,0,0,0,0,0,0,0,0,0,0,0,0,0,0,22,0,0,-11,0,0,-23,0,0,0,0,0,-14,-24,0,0,0,0
-8,0,0,0,0,0,7,0,0,0,0,0,0,-28,0,0,0,0,0,0,0,0,0,-32,0,0,0,0,0,-38,0,0,0,0,0,0,0,0,-9,0,0,0,0,0,0,0,0,0,0,0,0,0,0,0,0,0,0,0,0,0,0,0,0,0,0,0,0,0,0,-39,2,0,0,0,0,0,0,0,0,0,0,0,0,0,0,0,0,0,0,0,0,0,12,0,0,0,0,0,0,0,0,0,0,0,0,0,0,0,0,0,0,0,0,0,0,0,0,0,-5,0,0,0,0,0,0,0,0,0,-13
0,0,0,0,0,0,0,0,0,0,0,0,0,-55,0,0,0,0,0,0,-42,0,0,0,0,0,0,-34,0,0,0,0,0,0,0,0,0,0,0,0,0,0,0,0,0,0,0,0,0,0,0,0,0,0,0,0,0,-41,0,0,0,0,0,0,0,0,0,0,0,0,0,0,0,0,0,0,0,0,0,0,0,0,0,0,0,0,0,0,0,0,-12,0,0,0,0,-8,0,-30,0,-50,0,0,0,0,0,0,0,0,-30,0,-39,0,-5,0,0,0,0,0,0,0,0,0,0,0,0,0,0,0,0
0,0,0,0,0,0,0,0,20,0,0,0,13,0,0,0,0,0,0,0,0,-29,0,0,0,0,0,0,0,0,0,0,0,0,0,0,0,14,0,0,0,0,0,0,0,0,0,0,0,0,0,0,0,0,0,0,0,0,8,0,0,0,0,0,0,0,0,0,0,0,0,0,7,0,0,14,0,0,0,0,0,0,0,0,0,0,-9,0,0,0,0,0,0,0,0,0,0,0,0,29,0,0,0,0,0,0,0,0,0,0,0,0,0,0,0,0,0,0,0,0,-14,-17,-52,0,0,0,0,0,0
0,0,0,0,0,0,0,0,0,0,0,0,0,0,0,0,0,0,0,0,-50,0,0,0,0,34,0,0,0,0,0,0,0,0,0,0,0,0,0,-22,0,0,0,0,0,0,0,0,0,0,0,0,0,0,0,0,0,-18,0,0,0,0,0,0,0,0,-55,0,0,0,0,0,22,0,0,0,0,0,0,0,0,2,0,0,0,0,0,0,0,0,0,0,0,0,0,-7,0,0,0,-43,0,0,0,0,0,0,0,-6,0,0,-27,0,0,0,0,0,0,0,0,0,0,0,0,0,0,0,0,0,0
0,20,0,0,0,0,0,0,-15,0,0,22,0,0,0,0,-7,0,10,0,0,0,0,0,0,0,0,0,0,0,0,0,0,0,0,-2,0,0,0,0,0,0,0,0,0,0,8,0,0,0,0,0,0,0,0,0,0,0,0,0,0,0,0,0,0,0,0,0,0,0,0,0,0,0,-3,0,0,0,0,0,0,0,0,0,0,0,0,1,0,0,0,-3,0,0,0,0,0,0,0,0,0,0,0,0,0,2,0,0,0,0,0,0,0,0,0,0,0,0,0,0,0,0,0,0,0,0,-3,0,0
0,0,0,0,0,0,0,0,0,0,0,0,0,0,0,0,0,0,0,0,0,0,0,0,38,0,0,0,0,0,0,0,27,0,-19,0,0,0,0,0,0,0,0,0,0,0,0,-11,8,0,0,0,0,0,0,0,0,0,0,0,26,0,0,0,7,-21,0,0,0,0,0,0,0,0,0,0,0,0,0,0,0,0,0,0,0,0,0,0,0,0,0,0,0,0,4,0,0,0,0,0,26,0,0,0,0,0,0,0,0,0,0,0,0,0,0,0,0,0,0,10,0,0,0,0,0,0,0,0,0
7,0,0,0,0,0,0,0,0,0,0,0,0,0,0,0,0,0,0,-3,0,0,0,0,0,0,0,0,0,0,0,35,0,0,0,0,0,0,0,0,0,0,0,0,0,0,0,0,0,0,0,0,0,-8,0,-24,0,0,0,0,0,0,-1,0,0,0,0,0,0,0,0,0,0,-3,0,0,0,0,0,-49,0,19,0,0,0,0,0,0,0,0,0,0,0,0,0,0,0,0,0,0,0,0,0,0,0,0,0,0,0,0,-20,0,0,0,0,0,0,0,0,0,0,0,0,0,0,0,0,0,0
0,0,0,0,0,0,0,0,0,0,0,0,0,0,0,0,0,0,0,7,0,0,0,0,0,0,0,0,0,0,-35,0,0,0,0,0,0,0,0,0,0,-10,0,0,0,0,0,0,0,0,0,0,0,0,0,-3,0,0,-14,0,0,0,3,0,0,0,0,0,0,0,0,0,0,0,0,0,0,0,0,0,0,8,0,0,0,0,0,0,19,0,0,0,0,0,0,0,0,0,0,0,0,0,0,0,0,3,0,0,0,0,0,0,39,0,0,38,0,0,0,0,0,0,0,0,0,0,0,0,0
0,0,0,0,0,0,0,0,0,0,0,0,0,0,1,0,0,0,0,0,0,-49,0,0,0,0,0,0,0,-27,0,0,0,0,0,0,0,0,0,0,0,0,0,0,0,0,0,0,0,0,0,0,0,0,4,0,0,0,-1,0,0,0,0,0,0,0,-19,0,0,0,0,0,0,0,18,0,-29,0,0,0,0,0,0,0,0,0,0,0,0,0,0,0,0,0,0,0,0,-23,0,0,0,0,0,0,0,0,0,0,0,0,0,0,0,0,0,0,0,0,0,0,0,-21,21,0,0,0,0,0,0
0,0,0,0,0,11,0,0,0,0,0,0,0,-4,0,0,0,0,0,0,0,0,0,0,0,0,0,0,0,0,0,0,0,0,0,0,0,0,30,0,0,0,0,0,0,0,0,0,0,0,0,0,0,0,0,0,0,0,0,0,0,0,0,-7,0,0,0,0,0,18,31,0,0,0,0,0,0,0,0,0,0,0,0,0,0,0,0,0,0,0,0,9,18,0,0,0,0,0,0,0,0,0,0,0,0,22,0,0,0,0,0,24,0,45,0,0,0,0,0,0,0,0,0,0,0,0,0,0,24
0,0,-7,0,0,0,0,0,0,17,0,0,0,0,0,0,0,0,0,0,0,0,0,0,0,0,0,0,0,19,0,0,0,0,0,0,0,24,0,0,0,0,0,0,0,0,0,17,-20,0,0,0,0,0,0,0,0,0,0,0,0,0,42,0,0,14,0,0,0,0,0,0,0,0,0,0,0,0,0,0,0,0,0,0,0,0,0,0,0,0,0,0,0,0,24,0,0,0,0,0,26,-7,0,0,0,0,0,0,0,0,0,0,39,0,0,0,0,0,0,28,0,0,0,0,0,0,0,0,0
0,0,0,20,0,0,0,7,0,0,0,0,0,0,0,0,0,0,0,0,0,-31,24,0,0,0,0,0,2,0,0,0,0,0,0,0,21,0,0,0,0,0,0,0,0,0,0,0,0,0,0,0,-19,0,0,0,0,0,0,0,0,0,0,0,0,0,0,0,0,0,0,17,0,0,0,0,0,0,0,0,0,0,0,0,0,0,0,0,0,0,0,0,0,35,0,0,0,0,0,0,0,0,0,2,0,0,-14,0,0,0,0,0,21,0,0,0,0,0,0,0,0,0,0,0,0,0,0,0,0
0,0,0,-28,0,0,0,-16,0,0,0,0,0,0,0,0,0,0,0,0,0,0,-3,0,0,0,0,0,0,0,0,0,0,0,0,-21,0,0,0,0,0,0,0,0,0,0,0,0,0,0,0,-14,32,0,0,0,0,-37,0,0,0,0,0,0,0,0,-34,0,0,0,0,0,0,0,0,0,0,0,0,0,0,0,0,0,0,0,0,0,0,0,0,0,0,0,0,0,0,0,0,0,0,0,0,-10,0,0,-17,0,0,0,0,0,0,0,0,0,0,0,0,0,0,0,0,0,0,0,-19,0,0
0,0,0,0,0,0,0,0,0,0,0,0,0,0,0,46,0,0,0,0,0,-28,0,0,0,0,-14,0,0,0,0,0,0,0,-24,0,0,0,0,0,0,0,0,0,0,0,0,0,0,0,0,0,0,0,35,0,0,0,6,0,0,0,0,-24,0,0,0,0,0,0,0,0,10,0,0,0,0,0,0,0,0,0,0,0,0,0,-5,0,0,0,0,0,0,0,0,-11,0,0,0,0,0,0,0,0,0,0,0,0,0,0,0,0,0,0,0,0,0,0,0,0,3,21,0,0,0,0,0,0,0
0,0,0,0,0,0,0,0,-7,0,-26,0,0,0,0,0,0,0,0,0,0,0,0,0,9,0,0,0,0,0,0,0,0,-30,0,0,0,0,0,0,0,0,0,0,0,0,0,0,0,0,0,0,0,-17,0,0,0,0,0,0,0,0,0,0,0,0,0,18,0,-18,0,0,0,0,0,0,0,0,0,0,0,0,0,0,0,0,0,0,14,0,0,1,3,0,0,0,0,0,0,0,0,0,0,0,0,0,0,0,0,0,0,0,0,7,0,0,0,0,-39,0,0,0,0,0,0,0,0,0,4
0,0,0,0,27,0,0,0,-56,0,0,0,0,0,0,0,0,0,0,0,0,0,0,0,0,0,0,22,0,0,0,0,0,0,0,0,0,0,0,0,0,0,0,0,0,0,0,0,0,0,0,0,0,0,0,0,0,-21,0,0,0,0,0,0,0,0,0,13,0,0,0,0,0,0,0,0,0,0,0,0,0,0,0,0,0,0,0,0,18,0,-14,0,0,0,0,21,0,0,0,-10,0,0,0,0,-14,0,0,31,15,0,0,0,0,0,0,0,0,0,0,0,0,0,0,0,0,0,0,0,0
0,0,0,0,0,0,0,0,0,0,0,0,0,0,0,0,0,0,0,0,0,0,0,0,0,0,0,0,0,0,0,0,0,0,0,0,0,0,0,0,0,0,-63,0,0,0,7,0,0,0,0,0,0,0,0,0,-30,0,0,0,0,0,0,24,0,0,0,0,-19,0,0,0,0,0,0,-8,0,0,0,0,0,0,0,0,0,-39,0,-39,0,21,0,0,0,0,0,-6,0,0,0,0,0,0,0,0,0,0,0,0,0,0,0,0,0,0,0,0,0,0,0,0,0,0,0,0,0,0,0,-29,0
0,0,0,0,0,0,0,0,0,0,0,28,0,0,0,0,0,0,0,0,0,0,0,0,0,0,0,0,0,0,0,10,0,0,0,0,0,0,0,0,0,0,-26,0,0,0,0,0,0,0,0,0,0,0,0,0,2,0,0,0,-11,-14,0,-7,0,0,0,0,0,0,0,0,0,0,0,0,0,0,-23,0,0,0,0,0,0,-5,0,-7,0,7,0,0,0,0,0,0,0,0,0,0,0,0,0,0,0,0,0,0,0,0,0,0,0,0,0,0,0,0,0,0,4,0,0,0,0,0,0,0,0
0,0,0,0,0,0,0,0,0,0,0,0,0,0,0,0,0,0,0,0,0,0,0,0,0,0,0,0,0,0,0,0,0,0,0,0,0,0,0,0,63,26,0,10,0,0,0,0,0,0,0,0,0,0,0,0,23,0,0,0,0,0,0,17,5,0,0,0,3,0,0,0,0,0,26,-4,0,0,0,0,0,0,0,0,0,-6,0,-2,0,0,0,0,0,0,0,0,0,0,0,0,0,0,0,0,0,0,0,0,0,0,0,0,0,0,0,0,0,0,0,0,0,0,0,0,0,0,0,-11,0
0,13,0,0,0,0,0,0,0,0,0,0,14,0,0,0,0,0,0,0,0,0,0,0,0,0,0,0,0,0,0,0,0,0,0,0,0,0,0,0,0,0,-10,0,24,4,0,0,0,0,0,0,0,0,0,0,0,0,0,0,0,0,0,0,0,0,0,0,0,0,0,0,0,0,0,0,0,0,0,-10,6,0,0,0,0,0,0,0,0,0,0,0,0,0,0,0,0,0,-3,0,0,-14,0,0,9,0,0,0,0,0,0,0,0,0,0,0,0,0,0,0,0,0,0,0,-2,16,0,0,0
0,0,0,0,0,0,0,0,0,0,0,0,-19,0,0,0,0,0,24,0,0,0,0,0,0,0,0,0,0,0,0,0,0,0,0,0,0,0,0,0,0,0,0,-24,0,-4,0,0,0,0,0,0,0,0,0,0,0,0,0,0,0,0,0,0,0,0,0,0,0,0,0,0,0,0,0,0,0,0,0,-15,-20,0,0,0,0,0,0,0,0,41,0,0,0,0,0,0,0,0,1,0,0,-7,0,0,-32,0,0,0,0,0,0,0,0,0,0,0,0,0,0,0,0,0,0,0,0,-16,0,0,0
0,0,0,0,0,0,0,0,0,0,0,0,-3,0,0,0,0,0,0,0,0,0,0,0,0,0,0,0,0,0,0,0,0,0,0,0,0,0,0,0,0,0,0,-4,4,0,0,0,0,0,0,0,0,0,0,0,0,0,0,0,0,0,0,0,-21,0,0,0,0,0,0,0,0,0,0,0,0,0,0,-37,19,0,0,0,0,0,0,0,0,0,0,0,0,0,0,0,0,0,-1,0,0,-5,0,0,15,0,0,0,0,0,0,0,0,0,0,24,0,0,0,0,0,0,0,0,0,-29,0,0,0
0,-1,0,0,0,0,0,0,0,0,0,-28,0,0,0,7,-34,0,0,0,0,0,0,0,0,0,0,0,-8,0,0,0,0,0,0,0,0,0,0,0,-7,0,0,0,0,0,0,0,0,0,0,0,0,0,0,0,0,0,0,-25,0,0,0,0,0,0,0,0,0,0,0,0,0,0,0,0,0,-1,0,0,0,0,-21,0,0,-53,0,0,0,0,0,0,0,0,0,0,0,0,0,0,0,0,0,0,0,-22,0,0,0,0,0,0,0,0,0,0,0,0,0,0,0,0,0,0,0,0,0,0,0
0,0,0,0,0,0,0,0,0,0,0,0,0,0,0,0,0,0,15,0,0,0,0,0,0,0,0,0,0,11,0,0,0,0,-17,0,0,0,0,0,0,0,0,0,0,0,0,0,0,0,0,0,0,0,46,0,0,0,0,0,0,0,11,0,21,2,0,0,0,0,0,0,0,0,0,0,0,0,0,0,0,0,0,0,0,3,0,0,0,0,0,0,0,0,14,0,0,0,0,0,-17,0,-6,0,0,0,0,0,0,0,0,0,0,0,0,0,0,0,0,7,0,0,0,0,0,0,0,0,0
0,0,-29,0,0,0,7,0,0,1,0,0,0,0,0,0,0,0,0,0,0,0,0,0,0,0,0,0,0,-8,0,0,0,0,20,0,0,0,0,0,0,0,0,0,0,0,0,0,0,0,0,0,0,17,0,0,0,0,16,0,0,0,0,0,16,0,0,0,0,0,0,0,0,0,0,0,0,0,0,0,0,0,29,0,0,0,0,0,32,0,0,0,0,0,0,0,0,0,0,0,0,0,-2,0,0,0,0,0,0,0,8,0,0,0,0,0,0,0,0,0,0,0,0,0,0,0,0,0,0
0,0,0,0,0,0,0,0,-18,0,0,0,0,0,0,0,0,0,0,0,0,0,0,0,0,0,0,0,0,0,0,0,0,0,0,0,0,0,0,0,0,0,0,0,0,0,0,0,0,0,0,0,0,0,0,0,0,0,0,0,0,0,0,0,0,0,0,0,0,0,0,0,0,0,0,0,0,0,0,0,0,0,0,0,0,0,0,0,0,0,0,0,0,0,0,0,0,0,0,0,0,0,0,0,0,0,0,0,0,0,0,0,0,0,0,0,0,0,0,0,0,0,0,0,0,0,0,0,0
0,0,0,0,0,0,0,0,-24,-53,0,0,0,0,0,0,0,0,0,0,0,0,0,0,0,0,0,0,0,0,0,0,0,0,0,0,0,0,0,0,0,0,0,0,0,0,0,0,0,0,0,0,0,0,0,0,0,0,0,0,0,0,0,0,0,0,0,0,0,0,9,-1,0,-40,0,0,0,0,0,0,0,42,0,0,0,0,0,0,0,0,0,0,0,0,0,0,0,0,0,0,0,0,0,0,0,0,6,0,0,0,0,0,-3,0,0,0,0,0,0,0,-21,0,0,0,0,0,0,0,0
0,0,-42,-21,0,0,0,4,0,0,0,0,0,0,0,0,0,0,0,0,0,0,-2,0,0,0,0,0,0,0,0,0,0,0,0,0,14,0,0,0,0,0,0,0,0,0,0,0,0,0,0,0,3,0,0,0,0,0,0,0,0,0,0,0,-46,0,0,0,0,0,0,28,0,0,0,0,0,0,0,0,0,0,0,0,0,0,0,0,0,0,0,0,0,10,0,0,0,0,0,0,0,0,0,15,0,0,-10,-17,0,0,0,0,0,0,0,0,0,0,0,0,0,0,0,0,0,0,0,0,0
0,0,0,0,0,0,0,-14,0,0,0,0,0,0,0,0,0,0,0,0,0,0,25,0,0,0,0,0,0,0,0,0,0,0,0,19,-32,0,0,0,0,0,0,0,0,0,0,0,0,0,0,-3,0,0,0,0,0,0,0,0,0,0,0,0,0,0,0,0,0,0,0,0,0,0,0,0,0,0,0,0,0,0,-49,0,0,0,0,0,0,0,0,0,0,28,0,0,0,0,0,0,0,0,-38,6,0,0,-8,0,0,0,0,0,0,0,0,0,0,0,0,0,0,0,0,0,0,0,0,0,0
0,0,0,0,0,0,0,0,0,0,0,0,0,0,0,0,0,0,0,0,0,0,0,0,0,0,0,0,0,0,8,0,0,0,0,0,0,0,17,0,0,0,0,0,0,0,0,0,-17,0,0,0,0,0,0,0,0,0,0,0,0,0,0,0,-42,0,0,0,0,0,0,0,0,2,0,0,0,0,0,0,0,0,0,0,0,0,0,0,15,0,0,0,0,4,0,0,0,0,0,0,0,0,0,0,0,0,0,0,0,-21,0,0,0,0,0,28,7,0,0,0,0,0,0,0,0,0,0,0,0
0,0,-37,0,0,0,0,0,0,0,0,0,0,0,-18,0,0,0,0,0,0,-61,0,0,0,0,0,0,0,0,0,0,-4,0,0,0,0,-35,0,0,0,0,0,0,0,0,0,-46,0,0,0,0,0,0,0,0,0,0,0,0,0,0,0,0,0,0,-42,0,0,0,0,0,0,0,0,0,0,0,0,0,0,0,0,0,0,0,0,0,0,0,0,0,0,0,0,0,0,-31,0,0,0,0,0,0,0,0,0,0,0,0,0,0,0,0,0,0,0,0,0,0,-24,0,-21,0,0,0,0,0,0
0,0,0,0,0,0,0,0,0,0,0,0,0,0,0,0,0,0,0,17,0,0,0,0,0,0,0,0,0,0,24,3,0,0,0,0,0,0,0,0,0,0,0,0,0,0,0,0,0,0,0,0,0,0,0,0,0,0,0,7,0,0,-10,0,0,0,-17,0,0,0,0,0,0,0,0,0,0,0,0,0,0,22,0,0,0,0,0,0,0,0,0,0,0,0,0,18,0,0,0,0,0,0,0,0,0,0,0,0,0,0,0,0,0,0,0,23,0,0,0,0,0,-21,0,0,0,0,0,0,0
0,0,0,0,0,0,0,0,0,0,0,0,0,0,0,31,0,0,0,0,0,0,0,0,0,0,0,0,0,0,0,0,0,0,0,0,0,0,0,0,30,-2,-23,0,0,0,0,0,0,0,0,0,0,0,0,0,0,0,0,0,-21,-21,0,29,0,0,0,0,0,0,0,0,0,0,0,0,0,0,-1,0,0,0,0,0,0,-35,0,0,0,27,0,0,0,0,0,0,0,0,0,-21,0,5,0,0,0,0,0,0,0,0,0,0,0,0,0,0,0,0,0,0,0,0,0,0,0,0,0,0,0
0,0,0,0,0,0,0,0,0,0,0,0,0,0,0,0,0,0,0,0,0,0,0,0,0,41,0,18,0,0,0,0,0,0,0,0,37,0,0,21,0,0,0,0,0,0,0,0,0,0,0,0,0,0,0,0,0,0,0,0,0,0,0,0,0,-32,0,-1,0,0,0,0,0,0,0,0,0,0,0,0,0,0,0,0,0,0,0,0,0,0,10,0,0,17,0,0,0,0,0,0,0,0,0,0,0,0,0,-16,26,0,-16,0,0,0,0,0,0,0,0,0,0,0,-3,0,0,0,0,0,0
0,0,0,0,0,0,0,0,0,0,0,0,0,0,-13,0,0,0,0,0,0,0,0,0,0,0,-8,0,0,0,0,14,1,0,0,0,0,-6,0,0,0,0,0,0,0,0,0,0,-16,0,0,0,0,0,0,0,0,0,0,0,0,0,0,0,0,0,0,0,0,0,0,0,37,0,0,0,0,0,0,0,0,0,0,0,0,0,21,0,0,0,0,0,0,0,0,0,0,0,0,0,0,0,0,0,0,25,0,0,0,0,0,0,0,0,0,0,0,0,0,0,-3,24,0,0,0,0,0,-32,0
0,24,0,0,0,0,0,0,-1,0,0,21,0,0,0,15,-9,0,0,0,-21,0,0,0,0,0,0,0,0,0,0,0,0,0,0,0,0,0,0,0,0,0,0,0,0,0,25,0,0,0,0,0,0,0,0,-7,0,0,0,0,0,0,0,-23,0,0,0,0,0,0,0,0,0,0,6,0,0,2,0,0,0,0,0,0,0,0,0,0,0,0,0,0,0,0,0,0,0,0,0,0,0,0,0,0,0,0,0,0,0,0,0,0,0,0,0,0,0,0,0,0,0,0,0,0,0,0,-1,0,0
0,0,0,0,0,0,0,0,0,0,0,0,0,0,0,0,0,0,0,0,0,0,0,0,0,0,0,0,0,-26,0,0,0,0,0,0,0,0,0,0,0,11,0,0,0,0,0,0,0,0,0,0,0,0,0,0,21,0,0,0,0,14,0,0,0,0,0,0,46,0,0,0,0,0,0,3,-7,0,-23,0,0,0,0,0,0,35,0,0,0,35,25,0,0,0,0,0,0,0,0,0,0,0,0,0,0,0,0,0,0,0,0,0,0,0,0,0,0,0,0,0,0,0,0,0,0,0,46,25,0
0,0,0,0,0,-3,0,0,0,0,0,0,0,0,0,0,0,0,11,0,0,0,0,0,0,0,0,0,0,0,0,0,0,0,0,0,0,0,0,0,0,14,0,0,0,0,0,0,0,0,0,0,0,0,0,0,21,0,0,0,-14,0,0,0,0,0,0,0,-3,0,0,0,0,0,0,-10,0,0,-20,0,0,0,0,-1,0,4,0,10,0,4,0,0,0,0,0,0,0,0,0,0,0,0,0,0,0,0,0,0,0,0,0,0,0,0,0,0,0,0,7,0,0,0,0,0,0,0,0,0,0
0,0,0,-32,0,0,0,0,0,0,0,0,0,0,0,0,0,0,0,8,0,0,0,0,0,0,0,0,0,0,1,-3,0,0,-42,0,0,0,0,0,0,0,0,0,0,0,0,-11,0,0,0,0,0,0,0,10,0,0,0,0,0,0,0,0,0,0,0,0,0,0,0,0,0,0,0,0,0,0,0,0,0,34,0,0,0,0,0,0,0,0,0,0,0,0,0,0,0,0,0,0,0,0,0,0,0,0,0,0,0,22,0,0,0,0,0,0,16,0,0,-28,0,0,0,0,0,0,0,0,0
0,0,0,0,0,0,0,0,0,0,0,0,0,0,0,0,0,0,0,0,0,0,0,0,0,0,0,0,0,0,0,0,0,7,0,0,0,24,0,0,-24,7,-17,0,0,0,0,0,0,0,0,0,0,0,0,0,-29,0,0,23,0,0,0,0,0,0,0,0,-25,0,0,38,0,0,0,-10,0,0,-16,0,0,0,0,0,0,0,0,31,0,0,0,0,0,0,0,0,0,0,0,0,0,0,0,0,0,0,0,0,0,0,0,0,0,0,0,0,0,0,0,0,0,0,0,0,0,0,0,22,0
0,0,-24,0,0,0,46,0,0,14,0,0,0,0,0,0,0,0,0,0,0,0,0,0,0,0,0,0,0,-7,0,0,0,0,0,0,0,0,0,0,0,0,-5,0,0,21,0,-21,-16,0,0,46,0,42,0,0,0,0,0,0,0,0,0,0,0,0,0,0,0,0,0,0,0,0,0,0,0,0,0,0,0,0,32,0,0,0,0,0,0,0,0,0,0,0,0,0,0,0,0,0,0,0,15,0,0,0,0,0,0,0,0,0,0,0,0,0,0,0,0,0,0,0,0,0,0,0,0,0,0
0,0,-29,0,0,0,38,0,0,0,0,0,0,0,0,0,0,0,0,0,0,0,0,0,0,0,0,0,0,21,0,0,0,0,-14,0,0,0,0,0,0,0,0,0,0,0,0,-2,0,0,0,0,0,0,0,0,0,32,0,0,0,0,0,0,0,0,0,0,0,0,0,0,0,0,0,0,0,0,0,0,-5,0,0,0,0,0,0,3,0,0,0,0,0,0,-2,0,0,0,0,0,33,0,0,0,0,0,0,0,0,0,0,0,0,0,0,0,0,0,0,5,0,0,0,0,0,0,0,0,27
0,0,0,0,0,0,0,0,0,0,0,0,0,0,5,0,0,0,0,0,0,-34,0,0,0,0,0,55,0,0,0,0,19,0,0,0,34,0,0,0,0,0,0,0,0,0,0,0,0,0,0,0,0,0,42,17,0,0,0,0,0,0,0,0,0,0,0,0,0,0,0,0,6,0,0,0,0,0,0,0,0,0,0,0,0,0,0,0,0,0,0,0,0,0,0,0,0,-10,0,0,0,0,-39,0,0,0,0,0,0,0,0,0,0,0,0,0,0,0,0,0,14,0,-4,0,0,0,0,0,0
-28,0,0,0,0,0,0,0,-7,0,0,0,0,0,0,0,0,0,0,0,-42,0,0,0,0,0,0,0,0,0,0,0,0,0,0,0,0,0,-18,-13,0,0,0,0,0,0,0,0,0,0,0,0,0,0,0,0,0,1,0,0,0,0,0,0,0,0,0,0,0,0,0,0,0,0,0,0,-22,0,0,0,0,0,0,0,0,0,0,0,0,0,-1,0,0,0,0,0,0,0,0,-7,0,0,0,0,0,0,0,-1,8,0,-11,0,0,0,0,0,0,0,0,0,0,0,0,0,0,0,0,0,0
0,0,0,0,0,0,0,0,0,0,0,0,0,0,0,0,0,0,0,0,0,0,0,-5,0,0,0,0,0,0,0,0,0,0,0,0,0,0,0,0,19,0,-3,0,0,0,0,0,0,0,0,0,0,0,0,0,0,0,0,0,-46,3,0,25,0,0,0,0,0,0,0,0,0,0,0,-3,0,0,-5,0,0,0,0,0,0,0,0,-14,0,0,0,0,0,0,0,0,0,0,0,0,0,0,0,0,0,0,-5,0,0,0,0,0,0,0,0,0,0,0,0,0,0,0,0,0,0,0,0,-17,0
3,0,0,0,0,0,0,3,0,0,0,0,0,-4,0,0,0,0,0,0,0,0,0,0,39,0,0,0,0,0,0,0,0,-18,0,0,0,0,18,0,0,0,0,0,0,0,0,0,0,0,0,0,0,0,0,0,0,0,0,0,0,0,0,0,0,0,0,0,0,0,0,0,0,0,0,0,0,0,0,0,0,0,0,0,2,0,0,0,0,0,0,4,9,0,0,0,0,0,0,0,0,0,0,0,0,-19,0,0,0,0,0,0,0,-5,0,0,0,0,0,-31,0,0,0,0,0,0,0,0,0
-18,0,0,0,0,0,0,0,0,0,0,0,0,-31,0,0,0,0,0,0,0,0,0,0,-2,0,0,0,0,0,0,0,0,-31,0,0,0,0,0,0,0,0,0,0,0,0,0,0,0,0,-9,0,0,0,0,0,0,0,0,0,0,0,0,0,0,0,0,0,0,0,0,17,0,0,0,0,0,0,0,0,0,0,0,0,0,0,0,0,0,0,0,-8,0,0,0,0,0,0,0,0,0,0,0,0,0,0,0,0,0,0,0,0,0,36,0,0,0,0,-42,0,0,0,0,0,0,0,0,-31,-28
0,0,0,0,0,0,0,0,0,0,-35,0,0,0,0,0,0,0,0,0,0,0,0,0,0,0,0,0,0,0,0,0,0,0,0,-17,0,0,0,0,0,0,0,0,0,0,0,0,0,0,1,-28,0,0,0,0,0,0,0,0,0,0,0,-38,0,0,0,0,0,0,-17,0,0,0,0,0,0,0,0,0,0,0,0,0,0,0,0,0,0,0,0,0,0,0,0,0,0,0,0,0,0,0,0,-7,0,0,0,0,0,0,0,0,0,0,0,0,7,0,-47,0,0,0,0,0,0,0,0,0,-22
0,0,0,0,0,0,0,0,0,0,0,0,0,0,0,0,0,-7,0,0,0,0,0,0,0,0,-7,-22,0,0,0,0,0,0,0,0,0,-10,0,0,0,0,0,0,0,0,0,0,0,0,0,0,0,0,0,0,0,0,-37,0,0,0,0,0,0,0,-6,0,0,0,0,0,0,0,0,0,0,0,0,0,0,0,0,0,0,0,3,0,0,0,0,0,0,0,0,0,0,-3,0,0,0,0,0,0,0,0,0,0,0,0,0,0,0,0,0,0,0,0,0,0,-10,-3,0,0,0,0,0,0,0
0,0,0,0,0,0,27,0,0,0,0,0,0,0,0,0,0,0,0,0,0,0,0,0,0,0,0,0,0,0,3,0,0,0,0,0,0,0,0,0,0,0,0,0,0,0,0,0,0,0,40,0,0,-2,0,0,0,0,0,0,0,0,0,0,0,0,0,0,0,0,0,0,0,0,0,0,0,0,0,0,0,-3,0,0,0,0,0,0,24,0,23,0,0,0,0,0,0,0,0,0,0,0,0,0,0,0,0,0,0,-8,0,0,0,0,0,3,3,0,-39,0,0,0,0,0,0,0,0,0,0
0,10,0,0,0,0,0,0,0,0,1,8,0,0,0,0,1,0,8,0,0,0,0,0,0,0,0,0,3,0,0,0,-18,0,0,0,0,0,0,0,0,0,-26,0,0,0,0,0,0,0,0,0,0,0,0,0,0,0,0,-6,0,0,0,0,0,0,0,0,0,0,0,0,0,0,0,0,0,3,0,0,0,0,0,0,0,0,0,0,0,0,0,0,0,0,0,0,0,0,0,0,0,0,0,0,0,23,0,0,0,-24,0,0,0,0,0,0,0,-11,0,0,0,0,0,0,0,0,-7,0,0
0,-5,0,0,0,0,0,0,0,0,0,0,0,0,0,0,0,0,0,0,0,0,0,0,0,0,-14,0,0,0,0,0,0,0,0,0,0,0,0,0,8,0,4,0,0,0,0,0,0,0,0,0,0,0,0,0,0,0,0,0,-3,10,0,10,0,0,0,0,3,0,0,0,0,0,0,0,-10,0,-21,0,0,0,0,0,0,0,0,4,0,3,0,0,0,0,0,0,0,0,0,0,0,0,0,0,0,0,0,0,0,0,0,0,0,0,0,0,0,11,0,0,0,0,0,0,0,0,0,14,0
0,0,0,0,0,0,0,0,0,0,0,8,0,0,0,0,0,0,0,0,0,-27,0,0,0,0,0,0,0,0,0,0,29,0,0,0,0,0,0,0,0,0,0,0,0,0,0,0,0,0,0,0,0,0,0,0,0,0,0,0,7,0,0,0,0,0,0,22,0,0,0,0,0,0,0,10,0,0,0,0,0,0,0,0,0,0,5,0,0,0,0,0,0,0,0,0,21,33,0,0,0,0,0,0,0,0,0,0,0,0,0,0,0,0,7,0,0,0,0,5,0,22,29,0,0,0,0,0,0
0,21,0,0,0,0,0,0,0,0,0,38,0,0,0,35,35,0,0,0,-4,0,0,0,0,0,0,0,0,0,0,0,0,0,0,0,0,0,0,0,0,0,0,0,0,0,1,0,0,0,0,0,0,0,0,0,0,0,0,-2,0,0,0,0,0,0,0,0,0,0,0,0,0,0,-3,0,0,0,0,0,0,0,0,0,0,0,0,0,0,0,0,27,0,0,0,0,0,0,0,0,0,0,0,0,0,0,0,0,0,0,0,0,16,0,0,0,0,0,0,0,-14,0,0,0,0,0,45,0,0
0,0,0,0,0,0,0,0,0,0,0,0,0,0,0,0,0,0,0,0,0,0,0,0,0,0,0,0,0,0,0,0,0,0,0,0,0,0,0,0,0,23,0,0,0,0,0,0,0,0,0,0,0,0,0,0,1,0,0,0,23,20,0,16,0,0,0,0,5,0,0,0,0,0,0,21,0,0,0,0,0,0,0,0,46,1,0,-29,0,49,0,0,0,0,0,0,0,0,12,0,0,0,0,0,0,0,0,43,0,0,0,0,0,0,0,0,0,0,0,0,0,0,0,5,0,0,0,0,0
0,0,-11,0,0,0,0,0,7,0,0,0,33,0,0,0,0,0,0,0,0,0,0,0,0,0,0,0,0,0,49,0,0,0,0,0,0,0,0,0,0,0,0,10,15,37,0,0,0,0,0,0,0,0,0,0,0,0,0,0,0,0,0,0,0,0,0,0,0,0,0,0,0,0,0,0,0,0,0,0,1,0,0,0,0,0,0,0,0,0,0,0,0,0,0,0,0,0,25,0,0,9,0,0,5,0,0,0,0,0,0,28,0,0,0,0,0,0,0,0,0,0,0,0,0,3,0,0,0
0,0,0,0,0,0,0,0,0,0,0,0,-4,23,0,0,0,0,0,0,0,0,0,0,0,0,0,0,0,0,0,0,0,0,0,0,0,0,0,0,0,0,0,-6,20,-19,0,0,0,0,0,0,0,0,0,0,0,0,0,0,0,0,0,0,0,5,0,0,0,0,0,0,0,0,0,0,0,0,0,-1,0,0,0,0,0,0,0,0,0,0,0,0,0,42,0,0,0,0,-7,0,0,3,0,0,-24,0,0,0,0,0,0,0,0,0,0,0,0,0,0,0,0,0,0,0,0,4,0,0,0
0,0,0,0,0,0,0,0,0,0,0,0,0,0,0,0,0,0,0,-3,0,0,0,0,0,0,0,-2,0,0,-19,-8,0,0,0,0,0,0,0,0,0,0,0,0,0,0,0,0,0,0,-42,0,0,0,0,-22,0,0,0,0,0,0,-34,0,0,0,0,0,0,0,0,0,0,3,0,0,0,0,0,0,0,0,0,0,0,0,0,0,-14,0,0,0,0,0,0,0,0,0,0,0,0,0,0,0,0,0,0,0,0,0,0,0,0,0,0,0,0,0,0,0,0,14,0,0,0,0,0,0,0
0,0,-55,0,0,0,4,0,0,-15,0,0,0,0,0,0,0,0,0,0,0,0,0,0,0,0,0,0,0,0,0,0,0,0,0,0,0,0,0,0,0,0,0,0,0,0,21,0,-29,0,0,0,49,0,0,0,0,0,0,0,0,0,0,0,-32,0,0,0,0,0,0,0,0,0,0,0,0,0,0,0,0,0,0,0,0,0,0,0,0,0,0,0,0,0,-4,0,0,0,0,0,0,0,-14,0,20,0,0,0,0,0,0,0,0,0,0,0,0,0,0,-7,0,0,0,0,0,0,0,0,0
0,0,0,0,-29,2,0,0,0,0,0,0,0,0,0,34,0,18,0,0,0,0,0,0,0,0,0,0,0,0,0,0,0,0,0,0,0,0,0,0,0,0,0,0,0,0,0,0,0,0,0,0,0,0,0,0,0,0,0,0,0,1,0,0,0,0,0,0,0,0,0,0,0,0,0,0,0,0,0,0,0,0,0,0,40,0,0,0,0,0,0,0,13,0,0,0,-7,0,0,0,0,0,0,0,0,0,0,0,0,0,0,21,0,0,0,0,0,-7,0,0,0,0,0,3,-14,0,0,0,0
0,0,0,0,-21,-28,0,0,0,0,0,0,0,0,0,0,0,-42,0,0,0,0,0,7,0,0,0,0,0,0,0,0,0,0,0,0,0,0,0,0,0,0,0,0,0,0,0,0,0,0,0,0,0,0,0,0,0,0,0,0,0,0,0,0,0,0,0,0,0,-2,0,0,0,0,0,0,0,0,-46,0,0,0,0,-40,0,0,0,0,0,0,0,0,0,0,0,0,-31,0,0,0,0,0,0,0,0,0,0,0,0,0,0,0,0,0,-17,0,0,0,0,0,0,0,0,-19,-19,0,0,0,0
0,0,0,7,0,0,0,0,0,0,0,0,0,0,0,0,0,0,0,0,0,0,0,0,0,0,0,0,0,0,0,0,0,0,0,0,0,0,0,0,39,5,6,0,0,0,53,-3,0,0,0,0,0,0,0,0,35,0,0,0,-35,-4,0,0,0,0,0,0,0,0,0,0,0,0,0,0,0,0,-1,0,0,0,0,0,0,0,45,0,0,13,0,0,0,0,0,0,0,0,0,0,0,0,0,0,0,0,0,0,0,0,0,0,0,0,0,0,0,0,0,0,0,0,0,0,0,0,0,12,0
0,0,0,0,0,0,0,0,0,0,0,0,0,0,0,0,0,0,0,0,0,-32,0,0,0,0,9,0,0,0,0,0,0,0,0,0,0,5,0,0,0,0,0,0,0,0,0,0,0,0,0,0,0,0,0,0,0,0,-21,0,0,0,0,0,0,0,0,0,0,0,0,0,-3,0,0,0,-5,0,0,0,0,0,0,0,0,-45,0,0,0,0,0,0,0,0,0,0,-1,7,0,0,0,0,0,0,0,0,0,0,0,0,-31,0,0,0,0,0,0,0,0,0,10,30,21,0,0,0,0,0,0
0,0,0,0,0,0,0,0,0,-49,0,0,0,0,17,0,0,0,0,0,0,0,0,0,0,0,0,0,-1,0,0,0,0,0,0,0,0,0,0,0,39,7,2,0,0,0,0,0,0,0,0,0,0,0,0,0,0,0,0,0,0,-10,0,-31,0,-3,0,0,14,0,0,0,0,0,0,-4,0,0,29,0,0,0,0,0,0,0,0,0,0,0,0,0,0,0,0,0,0,0,0,0,0,0,0,0,0,0,0,0,0,0,0,0,0,0,0,0,0,0,0,0,0,0,0,0,0,0,0,-3,0
0,0,0,0,0,0,0,0,0,0,0,0,0,0,0,0,0,0,0,0,0,0,0,0,0,0,0,0,0,0,0,-19,0,0,0,0,0,0,-14,-18,0,0,0,0,0,0,0,0,-32,0,0,0,0,-15,0,0,0,0,0,0,0,0,0,0,0,0,0,0,0,0,0,0,0,-24,0,0,0,0,0,0,0,14,0,0,0,0,0,0,0,0,0,0,0,0,0,0,0,0,0,0,0,0,0,0,0,0,0,0,0,-42,0,0,0,0,0,-17,-8,0,0,0,0,0,-32,0,0,0,0,0,0
0,0,0,0,0,0,0,0,0,0,0,0,0,0,0,0,-29,0,0,0,0,0,0,0,0,0,0,0,0,0,0,0,0,0,0,0,0,0,0,0,-21,-7,0,0,-41,0,0,0,0,0,0,0,0,0,0,0,-27,0,0,0,-35,-4,0,0,0,0,0,0,0,0,0,0,0,0,0,-3,0,0,-49,0,0,0,0,0,0,-13,0,0,0,0,0,0,0,0,0,0,0,0,0,0,0,0,0,28,0,0,0,0,0,0,0,0,0,0,0,0,0,0,0,0,0,0,0,0,0,0,0,-14,0
0,0,0,0,0,0,0,0,0,0,0,0,0,0,0,0,0,0,0,0,-6,0,0,0,0,12,0,0,0,0,0,0,0,0,0,0,0,0,0,14,0,0,0,0,0,0,0,0,0,0,0,0,0,0,0,0,0,-10,0,0,-25,0,0,0,0,0,0,1,0,0,0,0,0,-23,0,0,0,0,0,0,0,0,0,0,0,0,0,0,0,0,0,0,0,0,0,0,0,0,-30,0,0,0,0,0,0,0,0,4,-3,0,-28,0,0,0,0,0,0,0,0,0,0,0,0,0,0,0,0,0,0
4,0,0,0,0,7,0,0,0,0,0,0,0,6,0,0,0,0,0,0,0,0,0,0,0,0,0,0,3,0,0,0,0,-9,0,0,0,0,-1,0,0,0,0,0,0,0,0,0,0,0,0,0,0,0,0,0,0,0,0,0,0,0,0,0,0,0,0,0,0,-4,8,0,0,0,0,0,0,-27,0,0,0,0,0,0,0,0,0,0,0,0,0,0,3,0,0,0,-21,0,0,0,0,0,0,0,0,0,0,0,0,0,0,0,0,-3,0,0,0,0,0,0,0,0,0,0,0,0,0,0,0
0,0,0,0,0,0,0,0,-49,0,0,0,0,0,0,0,0,0,0,0,0,0,0,0,-12,0,0,0,0,0,0,0,0,-18,0,0,0,0,-3,0,0,0,0,0,0,0,0,0,0,0,0,0,0,0,0,0,0,0,0,0,0,0,0,0,0,0,0,0,0,-9,0,0,0,0,0,0,0,0,0,0,0,0,0,-13,0,0,0,0,0,0,0,-3,0,0,0,0,0,0,0,0,0,0,0,0,0,0,0,0,0,0,0,0,0,13,0,0,0,0,-38,0,0,0,0,0,-31,0,0,0,-15
0,0,0,-45,0,0,0,-24,0,0,0,0,0,0,0,0,0,0,0,0,0,0,3,0,0,0,0,0,0,0,0,0,0,0,0,-35,0,0,0,0,0,0,0,0,0,0,0,0,0,0,0,-10,-28,-4,0,0,0,-17,0,0,0,0,0,0,0,0,0,0,0,0,0,0,0,0,0,0,0,0,0,0,-42,0,0,0,0,0,0,0,0,0,0,0,0,0,0,0,0,0,0,0,0,0,0,10,0,0,-21,0,0,0,0,0,0,0,0,0,0,0,0,0,0,0,0,0,0,0,0,0,0
0,25,0,0,0,0,0,0,0,0,0,0,0,0,0,0,0,0,0,0,0,-21,34,0,0,0,0,0,0,-4,0,0,0,0,-24,0,0,0,0,0,0,0,0,0,0,0,0,-14,0,0,0,0,0,0,0,0,0,0,0,0,0,0,0,0,0,2,0,0,0,0,0,0,0,0,0,0,0,0,0,0,0,0,4,0,0,0,0,0,0,0,0,0,0,0,0,0,0,0,0,0,3,0,-3,0,0,0,0,0,0,0,0,0,0,0,0,0,0,0,0,23,-28,0,0,0,0,0,0,0,0
0,0,0,0,0,0,0,0,0,0,0,0,0,0,0,0,0,0,0,0,-12,0,0,0,0,8,0,7,0,0,0,0,0,0,0,0,0,11,0,-21,6,0,0,0,0,0,0,0,0,0,0,0,0,0,0,-18,0,0,0,0,0,0,0,0,0,0,0,0,0,0,0,0,0,0,0,0,0,0,0,0,0,0,0,0,0,0,0,0,0,0,0,0,0,0,0,0,0,0,0,-10,0,0,0,0,0,0,0,-26,1,0,-28,0,16,0,0,0,0,0,0,0,0,0,0,0,0,0,0,0,0
0,0,0,0,0,7,0,0,0,0,0,0,0,0,0,0,0,10,0,0,0,0,0,0,0,0,0,0,0,0,0,0,0,0,0,0,0,0,0,0,0,0,0,0,0,0,0,0,0,0,0,0,0,0,0,0,0,0,0,0,0,0,0,0,0,0,0,0,0,0,0,0,0,0,0,0,-21,0,0,0,0,0,0,7,31,0,1,0,0,0,0,21,0,0,0,0,0,0,0,0,0,0,0,0,0,0,0,0,0,0,0,7,0,0,14,0,0,-19,0,0,0,0,0,-4,-3,0,0,0,0
0,0,0,0,0,0,0,0,0,0,0,0,0,0,21,0,0,0,0,0,0,-4,0,0,0,30,0,0,0,0,0,0,23,0,0,0,0,0,0,0,0,0,0,0,0,0,0,0,0,0,0,0,0,0,31,0,0,0,0,0,0,0,0,0,0,0,10,0,0,0,0,0,3,0,0,0,-33,0,0,0,0,0,0,0,0,0,-7,0,0,0,0,0,0,0,0,0,0,0,0,0,0,0,0,0,0,0,0,0,0,0,0,0,0,0,0,0,0,0,0,0,0,0,17,0,0,16,13,0,0
0,0,0,0,0,0,0,0,0,0,0,0,7,0,0,0,0,3,0,0,0,0,0,0,0,0,0,0,0,0,0,0,0,0,0,0,0,0,0,0,0,0,0,3,-1,1,0,0,0,0,0,0,0,0,0,0,0,0,0,0,0,0,0,0,0,0,0,0,0,0,0,0,0,0,0,0,0,0,-12,-25,7,0,0,0,0,0,0,0,0,0,30,0,0,0,0,0,0,0,0,0,0,-15,0,0,-3,0,0,0,0,0,0,0,0,0,0,0,0,0,0,0,0,0,0,0,0,-37,0,0,0
0,0,0,0,0,0,0,0,0,0,0,0,0,0,-10,0,-7,0,0,0,7,0,0,0,0,50,-29,43,0,0,0,0,0,0,0,0,0,0,0,10,0,0,0,0,0,0,0,0,0,0,0,0,0,0,0,0,21,0,0,0,0,0,0,0,0,0,0,7,0,0,0,0,0,0,0,0,0,0,0,0,0,0,0,0,0,0,0,0,0,0,0,0,0,0,0,10,0,0,0,0,0,0,0,0,0,0,0,0,14,0,-12,0,0,0,0,0,0,0,0,0,0,0,0,0,0,0,0,0,0
0,0,-37,0,0,0,0,0,0,6,0,0,0,0,0,0,0,0,0,11,0,0,0,0,0,0,0,0,0,-26,0,0,0,0,-26,0,0,0,0,0,0,0,0,0,0,0,0,17,0,0,0,0,0,0,0,0,0,0,0,0,0,0,0,0,0,-33,0,0,0,0,0,0,0,0,0,0,0,0,0,0,0,0,0,0,0,0,0,0,0,0,0,0,0,0,-3,0,0,0,0,0,0,0,0,0,0,0,0,0,0,0,0,0,0,0,0,0,24,0,0,-25,0,0,0,0,0,-26,0,0,0
0,0,0,0,0,0,0,0,0,0,0,0,6,0,0,0,0,0,0,0,0,0,0,0,0,0,0,0,0,0,0,0,0,0,7,0,0,0,0,0,0,0,0,14,7,5,0,0,0,0,0,0,0,0,0,0,-5,0,0,0,0,0,0,0,0,0,0,0,0,0,0,0,0,0,0,0,0,0,0,-9,-3,0,0,0,0,0,0,0,0,0,0,0,0,0,0,0,0,0,15,0,0,0,0,0,7,0,0,0,7,0,0,0,0,0,23,0,0,0,0,0,0,0,0,0,0,-1,0,0,0
0,0,-22,0,0,0,7,0,0,-4,0,0,0,0,0,0,0,0,0,0,0,-2,0,0,0,0,0,0,0,0,0,0,0,0,0,0,0,0,0,0,0,0,0,0,0,0,0,6,2,0,0,0,38,0,0,0,0,0,0,0,0,0,0,0,-15,0,39,0,0,0,0,0,0,0,0,0,0,0,0,0,0,0,14,0,0,0,0,0,0,0,0,0,0,0,3,0,0,0,0,0,0,0,0,0,0,0,0,0,0,21,0,0,0,0,0,0,0,0,0,0,0,0,0,0,0,0,0,0,0
0,0,0,-31,0,0,0,-26,0,0,0,0,0,0,0,0,0,0,0,0,0,0,0,0,0,0,0,0,0,0,0,0,0,0,0,-2,10,0,0,0,0,0,0,0,0,0,0,0,0,0,0,-15,-6,0,0,0,0,0,0,0,0,0,0,0,0,0,0,0,0,0,0,7,0,0,0,0,0,0,0,0,0,0,0,0,0,0,0,0,0,-28,0,0,0,-10,0,0,0,0,0,0,0,0,0,0,0,0,-5,0,0,0,0,0,0,0,0,-4,0,0,0,0,0,0,0,0,0,0,0,0,0
0,0,0,0,0,0,0,0,0,0,0,0,-11,0,0,0,0,0,0,0,0,0,0,0,0,0,0,0,0,0,0,0,0,0,0,0,0,0,0,14,0,0,0,-9,32,-15,0,0,0,0,0,0,0,0,0,0,0,0,0,0,0,0,0,0,0,0,0,0,0,0,0,0,0,0,0,0,0,0,0,-5,24,0,-20,0,0,0,0,0,0,0,0,0,0,0,0,0,0,0,3,0,0,-7,0,0,0,0,0,0,0,0,0,0,0,0,0,0,0,0,0,0,0,0,0,0,0,-8,0,0,0
0,0,0,0,0,0,0,0,0,0,0,32,0,0,0,16,-14,0,38,0,0,0,0,0,0,0,0,0,-2,0,0,-3,0,-22,0,0,0,0,0,0,0,0,0,0,0,0,22,0,0,0,0,0,0,0,0,0,0,0,-25,0,0,0,0,0,0,0,0,0,0,19,0,0,0,0,-23,0,0,0,0,0,0,0,0,0,0,0,0,0,0,0,0,0,0,0,0,0,0,0,0,0,0,0,0,0,0,0,0,0,0,0,0,0,0,0,0,0,0,0,0,0,0,0,0,0,0,0,27,0,0
0,0,0,-11,0,0,0,0,0,0,0,0,0,-36,0,0,10,0,0,0,0,0,24,0,0,0,0,0,0,0,0,0,0,0,0,14,17,0,0,0,0,0,0,0,0,0,0,0,0,0,-6,10,8,0,0,0,0,0,0,0,0,0,0,0,0,0,0,0,5,0,0,0,0,0,0,0,0,0,0,0,0,0,0,0,0,0,0,0,0,0,0,0,0,21,0,0,0,0,0,0,0,0,0,5,0,0,0,0,0,0,0,0,0,0,0,0,0,0,0,0,0,0,0,0,0,0,0,0,0
0,0,0,0,0,0,0,0,0,0,0,0,0,0,0,0,0,0,0,0,-16,0,0,0,0,0,0,6,0,0,0,0,0,0,0,0,0,0,0,-31,0,0,0,0,0,0,0,0,0,0,0,17,0,0,0,0,0,16,0,0,0,0,0,0,0,0,0,1,0,0,0,0,0,0,0,0,0,0,-43,0,0,0,0,0,0,0,0,0,0,0,-4,0,0,0,0,26,0,0,0,0,0,0,0,0,0,0,0,0,7,-7,0,0,0,0,0,0,0,0,0,0,0,0,-6,0,0,0,0,0,0
0,0,0,0,0,0,-23,-9,0,0,0,0,0,0,0,0,0,0,0,0,0,0,0,0,0,30,0,0,0,0,0,0,0,0,0,0,0,0,0,-15,0,0,0,0,0,0,0,0,0,0,0,0,0,0,0,0,0,-26,0,0,0,0,0,0,0,0,0,-8,0,0,0,0,0,0,0,0,0,0,0,0,0,0,0,0,0,0,0,0,0,0,3,0,0,0,0,-1,0,0,0,-14,0,-7,0,0,0,0,0,-7,0,0,0,0,0,0,0,0,0,0,0,0,0,0,0,0,0,0,0,0,0
0,0,0,0,0,0,0,0,0,0,0,0,0,0,0,0,0,0,0,21,0,0,-23,0,0,0,0,0,0,0,0,0,0,0,0,0,0,0,0,0,0,0,0,0,0,0,0,0,0,0,0,0,0,21,0,0,0,0,0,0,0,0,-22,0,0,0,0,0,0,0,0,0,0,8,24,0,0,0,0,0,0,0,0,0,0,0,0,0,42,0,0,0,0,0,0,0,0,0,0,0,0,0,-21,0,0,0,0,7,0,0,0,0,0,0,0,49,19,0,0,0,0,0,0,0,0,0,0,0,0
0,0,0,0,0,0,0,0,0,0,0,0,0,0,0,0,0,0,0,0,25,0,0,0,0,39,0,27,0,0,20,0,0,0,0,0,0,0,0,0,0,0,0,0,0,0,0,0,-8,0,0,0,0,0,0,0,0,16,0,0,0,0,0,0,0,0,0,11,0,0,0,0,0,0,0,0,0,0,0,0,0,0,0,0,0,0,31,0,0,0,28,0,0,0,0,28,0,0,0,12,0,0,0,0,0,0,0,0,0,0,0,0,0,0,0,0,0,0,0,0,0,0,0,0,0,0,0,0,0
0,0,0,0,1,-3,0,0,0,0,0,0,0,0,0,0,0,23,0,0,-9,0,0,-22,0,0,0,0,0,0,0,0,0,-24,0,0,0,0,0,0,0,0,0,0,0,0,0,0,0,0,0,0,0,0,0,0,0,0,0,0,0,0,0,0,0,0,0,0,0,0,0,0,0,0,0,0,0,0,0,-28,0,0,0,-21,0,0,0,0,0,0,0,0,0,0,0,0,-7,0,0,0,0,0,0,0,0,0,0,0,0,0,0,0,0,0,7,0,0,-31,0,0,0,0,0,-7,0,0,0,0,0
0,0,0,0,0,0,0,0,0,0,-19,0,0,0,-34,0,0,0,0,18,0,0,-11,0,0,5,0,0,0,0,0,-39,0,0,-39,-21,0,0,0,0,0,0,0,0,0,0,0,0,0,0,3,0,0,0,0,0,0,0,0,0,0,0,0,0,0,0,0,0,0,0,0,0,0,0,0,0,0,-16,0,0,0,0,0,0,0,0,0,0,0,0,0,0,0,0,0,-16,0,0,0,0,0,0,0,0,0,0,0,0,0,0,0,0,0,0,0,0,0,0,0,0,0,0,0,0,0,0,0,0,0
-6,0,0,0,0,0,0,-7,0,0,0,0,0,0,0,0,0,0,0,0,0,0,0,0,0,0,0,0,0,0,0,0,0,-45,0,0,0,0,-7,0,0,0,0,0,0,0,0,0,0,0,0,0,0,0,0,0,0,0,0,0,0,0,0,0,0,0,0,0,0,5,-36,0,0,0,0,0,0,0,0,0,0,0,0,0,0,0,0,0,0,0,0,3,-13,0,0,0,0,0,0,0,0,0,0,0,0,0,0,0,0,0,0,0,0,0,-22,0,28,0,-31,0,0,0,0,0,0,0,0,0,0
0,0,0,0,4,-3,0,0,0,0,0,0,0,0,0,0,0,-1,0,0,0,0,0,11,0,0,0,0,0,0,0,0,0,0,0,0,0,0,0,0,0,0,0,0,0,0,0,0,0,0,0,0,0,0,0,0,0,0,0,0,0,0,0,0,0,0,0,0,0,0,0,0,0,0,0,0,-7,0,0,0,0,0,0,0,17,0,0,0,0,0,0,0,0,0,0,0,-14,0,0,0,0,-23,0,0,0,0,0,0,0,0,0,-7,0,22,0,0,0,-13,0,0,0,0,0,0,3,0,0,0,0
0,0,0,0,0,-42,0,0,0,0,0,0,-17,0,0,0,0,0,0,0,0,0,0,0,0,0,0,0,0,0,0,-38,0,0,0,0,0,0,0,0,0,0,0,0,0,-24,0,0,0,0,0,0,0,-28,0,-23,0,0,0,0,0,0,0,0,0,0,0,0,0,0,0,0,0,-3,0,0,0,0,0,0,0,0,0,0,0,0,0,0,17,0,0,0,0,0,0,0,0,0,0,0,0,0,0,4,0,0,0,0,0,-49,0,0,0,0,0,0,9,0,0,0,0,0,0,0,0,0,0,0,0
0,0,0,0,0,0,0,0,0,0,0,0,0,0,0,0,0,0,0,0,0,0,0,0,0,0,0,0,0,0,0,0,0,0,0,0,0,0,0,0,0,0,0,0,0,0,0,0,0,0,0,0,0,-7,0,0,0,0,0,0,0,0,-16,0,0,0,0,0,0,0,0,-7,0,-3,0,0,0,0,0,0,0,0,0,0,0,0,0,0,8,0,0,0,0,0,0,0,0,0,0,0,-24,0,0,0,0,0,0,0,0,-19,0,0,0,-28,0,-9,0,0,0,0,0,0,0,0,0,0,0,0,0
0,0,0,0,32,-18,0,0,0,0,8,0,0,0,0,0,0,0,0,0,0,0,0,23,0,0,0,0,0,0,0,0,0,0,0,0,0,0,0,0,0,0,0,0,0,0,0,0,0,0,0,0,0,0,0,0,0,0,0,0,0,0,0,0,0,0,0,0,0,0,0,0,0,0,11,-11,0,0,0,0,0,0,0,7,0,0,0,0,0,0,0,0,0,0,0,0,19,0,0,0,0,0,0,0,0,0,0,0,0,0,0,31,0,0,13,0,0,0,0,0,0,0,0,-21,-4,0,0,0,0
10,0,0,0,0,0,0,0,0,0,25,0,0,-9,0,0,0,0,0,0,0,0,0,0,5,0,0,0,0,0,0,0,0,0,0,0,0,0,39,0,0,0,0,0,0,0,0,0,0,0,0,0,0,0,0,0,0,0,0,0,0,-7,0,0,0,0,0,0,0,0,42,47,0,39,0,0,0,0,0,0,0,0,0,0,0,0,0,0,0,0,0,0,38,0,0,0,0,0,0,0,0,0,0,0,0,0,0,0,0,0,0,0,0,31,0,0,0,0,0,0,0,0,0,0,0,0,0,0,8
0,0,0,0,0,0,14,0,0,0,0,0,-7,0,0,0,0,0,0,0,0,0,0,0,0,0,0,0,0,-10,0,0,0,0,-28,0,0,0,0,0,0,0,0,0,0,0,0,-7,0,0,0,0,0,0,0,0,0,0,0,0,0,0,28,0,0,-5,0,0,0,31,0,0,0,0,0,0,-5,0,0,0,0,0,7,0,0,0,0,0,0,0,0,0,0,0,-23,0,0,0,0,0,25,0,0,0,0,0,0,0,0,0,0,0,0,0,0,0,0,0,0,0,0,0,0,0,0,0,0,0,0
0,0,0,0,0,0,0,0,0,0,0,0,0,0,0,0,0,0,0,0,0,0,0,0,0,0,14,0,0,0,0,0,0,0,0,0,0,-3,0,0,0,-4,0,0,0,0,0,0,0,0,21,0,0,0,24,0,0,0,3,0,0,0,0,0,0,0,-14,0,0,0,0,0,10,0,0,0,0,14,0,0,0,0,0,0,0,0,-10,0,0,0,0,0,0,0,28,0,0,0,0,0,0,0,0,0,0,0,0,0,0,0,0,0,0,0,0,0,0,0,0,0,0,-3,0,0,0,0,0,0,0
0,0,0,0,0,0,0,0,0,0,0,0,0,0,-10,0,0,0,0,0,-4,0,0,0,0,0,17,0,0,0,0,0,21,0,0,0,0,-21,0,0,0,0,0,0,0,0,0,0,0,0,0,0,0,0,0,21,0,0,-24,0,0,0,0,0,0,0,0,0,0,0,0,0,3,0,0,0,-22,0,0,0,0,-14,0,0,0,0,-30,0,0,0,0,0,0,0,0,0,0,0,0,0,0,0,0,0,0,0,0,0,0,0,0,0,0,0,0,0,0,0,0,0,3,0,0,0,0,0,0,0,0
0,0,0,0,0,0,0,0,0,0,0,0,0,0,-7,0,0,0,0,0,0,-60,0,0,0,0,52,0,0,0,0,0,-21,0,0,0,0,0,0,0,0,0,0,0,0,0,0,0,0,0,0,0,0,0,21,0,0,3,0,0,0,0,0,0,0,0,4,0,0,0,0,0,0,0,0,0,-29,0,0,0,0,0,0,0,0,0,-21,0,32,0,0,0,0,0,0,0,0,-17,0,0,0,0,0,0,0,0,0,6,0,0,0,0,0,0,0,0,0,0,0,0,0,0,0,0,0,0,0,0,0
0,0,0,0,0,7,0,0,0,-5,28,0,0,0,0,0,0,-2,0,0,0,0,0,14,0,0,0,0,0,0,0,0,0,0,0,0,0,0,0,0,0,0,0,0,0,0,0,0,0,0,0,0,0,0,0,0,0,0,0,0,0,0,0,0,0,0,0,0,0,0,0,0,0,0,0,0,0,0,-5,0,0,0,0,-3,19,0,0,0,0,0,0,0,0,0,0,0,4,0,0,0,0,0,0,0,0,0,0,0,0,0,0,7,0,0,0,0,0,21,0,0,0,0,0,0,13,0,0,0,0
0,0,0,0,41,0,0,0,0,0,0,0,0,0,0,0,0,6,0,0,0,0,0,24,0,0,0,0,0,0,0,0,0,0,0,0,0,0,0,0,0,0,0,2,0,0,0,0,0,0,0,0,0,0,0,0,0,0,0,0,0,0,0,0,0,0,0,0,0,0,0,0,0,0,0,0,0,0,0,0,0,0,0,14,19,0,0,0,0,0,0,0,31,0,0,0,3,0,0,0,0,0,0,0,0,0,0,0,0,0,0,0,0,0,-3,0,0,4,0,0,0,0,0,-13,0,0,0,0,22
0,0,0,0,0,0,0,0,0,0,0,0,44,0,0,0,0,0,0,0,0,0,0,0,0,0,0,0,0,0,0,0,0,0,0,0,0,0,0,0,0,0,0,-16,16,29,0,0,0,0,0,0,0,0,0,0,0,0,0,0,0,0,0,0,0,0,0,0,0,0,0,0,0,0,0,0,0,0,0,-3,-4,0,0,0,0,0,0,0,0,0,0,0,0,0,0,0,0,-16,37,0,26,1,0,0,8,0,0,0,0,0,0,0,0,0,0,0,0,0,0,0,0,0,0,0,0,0,0,0,0
0,0,0,0,0,0,0,0,0,0,-31,-1,0,0,0,7,0,0,25,0,0,0,0,0,0,0,0,0,3,0,0,0,0,0,0,0,19,0,0,0,0,0,0,0,0,0,0,0,0,0,0,0,0,0,0,0,0,0,0,1,-46,0,0,0,0,0,0,0,0,0,0,0,0,0,7,0,0,-45,0,0,0,0,0,0,0,0,0,0,0,0,0,0,0,0,0,0,0,-13,0,0,0,0,0,0,0,-27,0,0,0,0,0,0,0,0,0,0,0,0,0,0,0,0,0,0,0,0,0,0,0
0,0,0,0,0,0,0,0,0,0,-3,0,0,0,0,0,0,0,0,0,0,0,0,0,0,0,0,0,0,0,0,0,0,0,0,0,0,0,0,0,29,0,11,0,0,0,0,0,0,0,0,0,0,0,0,0,0,0,32,0,-25,0,0,-22,0,0,0,0,17,0,31,0,0,0,0,-14,0,0,0,0,0,0,0,0,0,-12,0,3,0,14,0,0,0,0,0,0,0,0,0,0,0,0,0,0,0,0,0,0,0,0,0,0,0,0,0,0,0,0,0,0,0,0,0,0,0,0,0,0,0
8,0,0,0,0,0,0,0,0,0,0,0,0,-20,0,0,0,0,0,0,0,0,0,0,13,0,0,0,0,0,0,0,0,-24,0,0,0,0,-4,0,0,0,0,0,0,0,0,0,0,0,0,0,0,0,0,0,0,0,0,0,0,0,0,0,0,-27,0,0,0,0,28,22,0,0,0,0,0,0,0,0,0,0,0,0,0,0,0,0,0,0,0,0,15,0,0,0,0,0,0,0,0,0,0,0,0,0,0,0,0,0,0,0,0,0,0,0,0,0,-8,0,0,0,0,0,-22,0,0,0,0
